"train/gene"        mstate_file     mfilename   trans ( -> e_M)
"train/rgene"       rstate_file     mfilename1  rtrans ( -> e_M_1)
"train/noncoding"   nstate_file     nfilename   noncoding (-> tr_R_R)
"train/start"       sstate_file     sfilename   start (-> tr_S)
"train/stop"        pstate_file     pfilename   stop (-> tr_E)
"train/stop1"       s1state_file    s1filename  start1 (-> tr_E_1)
"train/start1"      p1state_file    p1filename  stop1 (-> tr_S_1)
"train/pwm"         dstate_file     dfilename   S_dist, E_dist, S1_dist, E1_dist (-> zelfde)
(input)             hmm_file        filename    tr, tr_MI, tr_II, pi

# 26
## M1
A       C       G       T
0.3711	0.1152	0.3455	0.1682  AA
0.3279	0.1773	0.2255	0.2693  AC
0.3166	0.2363	0.2278	0.2193  AG
0.3403	0.1270	0.3192	0.2135  AT
0.3715	0.1084	0.3509	0.1692  CA
0.3901	0.1444	0.1983	0.2672  CC
0.3984	0.1748	0.2546	0.1721  CG
0.3293	0.1116	0.3209	0.2381  CT
0.3920	0.1266	0.3009	0.1805  GA
0.2963	0.1438	0.2594	0.3005  GC
0.3596	0.1489	0.2848	0.2067  GG
0.3167	0.1256	0.3263	0.2314  GT
0.3651	0.0965	0.3507	0.1876  TA
0.3770	0.1496	0.2184	0.2549  TC
0.3866	0.1536	0.2784	0.1814  TG
0.3256	0.0923	0.3556	0.2266  TT

0.4370	0.1725	0.1034	0.2870
0.4060	0.2074	0.1425	0.2441
0.4314	0.2044	0.1744	0.1897
0.1726	0.1929	0.0553	0.5792
0.4138	0.1419	0.0961	0.3482
0.4182	0.2275	0.1457	0.2085
0.3550	0.1829	0.2181	0.2439
0.2003	0.1559	0.0486	0.5953
0.3903	0.1664	0.1037	0.3395
0.4042	0.1991	0.1324	0.2643
0.3756	0.2138	0.1778	0.2328
0.1903	0.1755	0.0703	0.5639
0.4417	0.1127	0.1099	0.3356
0.4608	0.2053	0.1466	0.1873
0.4108	0.1733	0.1962	0.2197
0.2074	0.1680	0.0782	0.5464

0.5202	0.0579	0.0873	0.3347
0.4565	0.0347	0.1307	0.3780
0.3149	0.1141	0.0557	0.5153
0.1554	0.0792	0.2028	0.5626
0.6107	0.0603	0.0587	0.2703
0.5179	0.0320	0.0311	0.4189
0.2142	0.1228	0.0321	0.6309
0.3241	0.1201	0.0132	0.5426
0.4762	0.0523	0.0852	0.3863
0.4227	0.0476	0.0926	0.4372
0.3212	0.0782	0.1204	0.4801
0.3286	0.0896	0.1024	0.4794
0.0001	0.1736	0.0001	0.8263
0.4895	0.0418	0.0126	0.4562
0.0102	0.0885	0.5297	0.3716
0.4760	0.0100	0.1562	0.3752

0.3713	0.1149	0.3472	0.1665
0.3291	0.1753	0.2268	0.2689
0.3178	0.2349	0.2282	0.2190
0.3399	0.1290	0.3169	0.2143
0.3735	0.1071	0.3516	0.1678
0.3959	0.1423	0.1951	0.2666
0.4002	0.1752	0.2533	0.1713
0.3309	0.1116	0.3229	0.2346
0.3914	0.1259	0.3027	0.1799
0.2956	0.1458	0.2615	0.2971
0.3594	0.1484	0.2854	0.2068
0.3158	0.1264	0.3272	0.2306
0.3646	0.0970	0.3503	0.1882
0.3782	0.1515	0.2183	0.2520
0.3876	0.1549	0.2770	0.1805
0.3280	0.0905	0.3567	0.2248

0.4387	0.1734	0.1010	0.2869
0.4106	0.2023	0.1412	0.2459
0.4303	0.2044	0.1737	0.1916
0.1717	0.1941	0.0542	0.5800
0.4124	0.1435	0.0967	0.3475
0.4168	0.2267	0.1494	0.2071
0.3586	0.1811	0.2186	0.2417
0.2042	0.1496	0.0487	0.5974
0.3926	0.1664	0.1046	0.3364
0.4101	0.1976	0.1312	0.2611
0.3768	0.2148	0.1789	0.2295
0.1891	0.1768	0.0682	0.5660
0.4449	0.1122	0.1093	0.3336
0.4622	0.2047	0.1474	0.1857
0.4109	0.1743	0.1978	0.2170
0.2076	0.1666	0.0789	0.5469

0.5222	0.0567	0.0861	0.3350
0.4573	0.0358	0.1301	0.3768
0.3158	0.1144	0.0569	0.5129
0.1553	0.0794	0.2044	0.5609
0.6106	0.0611	0.0595	0.2688
0.5181	0.0321	0.0313	0.4185
0.2126	0.1241	0.0309	0.6324
0.3246	0.1190	0.0135	0.5428
0.4757	0.0530	0.0859	0.3854
0.4205	0.0484	0.0936	0.4374
0.3227	0.0778	0.1191	0.4804
0.3277	0.0890	0.1030	0.4803
0.0001	0.1737	0.0001	0.8262
0.4891	0.0421	0.0115	0.4573
0.0103	0.0883	0.5283	0.3731
0.4764	0.0100	0.1547	0.3760